1871
1871
1874
1874
1874
1874
1874
1874
1874
1874
1874
1874
1874
1874
1874
1874
1874
1874
1874
1874
1874
1874
1876
1876
1876
1876
1876
1876
1876
1876
1876
1876
1876
1876
1876
1876
1876
1876
1876
1876
1876
1876
1878
1878
1878
1878
1878
1878
1878
1878
1878
1878
1878
1878
1878
1878
1878
1878
1878
1878
1878
1878
1881
1881
1881
1881
1881
1888
1888
1888
1888
1888
1888
1888
1888
1888
1888
1888
1888
1888
1888
1888
1888
1889
1889
1889
1889
1889
1889
1889
1889
1890
1890
1890
1890
1890
1890
1890
1890
1890
1890
1890
1890
1890
1890
1890
1890
1890
1890
1890
1890
1891
1892
1892
1892
1892
1892
1892
1892
1892
1892
1892
1892
1892
1892
1892
1892
1892
1892
1892
1892
1892
1894
1894
1894
1894
1894
1894
1894
1894
1894
1894
1894
1894
1894
1894
1894
1894
1894
1894
1894
1894
1895
1895
1895
1895
1895
1895
1895
1895
1895
1895
1895
1895
1895
1895
1895
1895
1895
1895
1895
1895
1898
1898
1898
1898
1898
1898
1898
1898
1898
1898
1898
1898
1898
1898
1898
1898
1898
1898
1898
1898
1899
1899
1899
1899
1899
1899
1899
1899
19
19
19
19
1900
1900
1900
1900
1900
1900
1900
1900
1900
1900
1900
1900
1900
1900
1900
1900
1900
1900
1900
1900
1901
1901
1901
1901
1901
1901
1901
1901
1901
1901
1901
1901
1901
1901
1901
1901
1901
1901
1901
1901
1902
1902
1902
1902
1902
1903
1903
1903
1903
1903
1903
1903
1903
1903
1903
1903
1903
1903
1903
1903
1903
1903
1903
1903
1903
1908
1908
1908
1908
1908
1908
1908
1908
1908
1908
1908
1908
1908
1908
1908
1908
1908
1908
1908
1908
1909
1909
1909
1909
1909
1909
1909
1909
1909
1909
1909
1909
1909
1909
1909
1909
1909
1909
1909
1909
1913
1913
1913
1913
1913
1913
1913
1913
1913
1913
1913
1913
1913
1913
1913
1913
1913
1913
1913
1913
1914
1914
1914
1914
1914
1914
1914
1914
1914
1914
1914
1914
1914
1914
1914
1914
1914
1914
1914
1914
1916
1916
1916
1916
1916
1916
1916
1916
1916
1916
1916
1916
1916
1916
1916
1916
1916
1916
1916
1916
1917
1917
1917
1917
1917
1917
1917
1917
1917
1917
1917
1917
1917
1917
1917
1917
1917
1917
1917
1917
1919
1919
1919
1919
1919
1919
1919
1919
1919
1919
1919
1919
1919
1919
1919
1919
1919
1919
1919
1919
192
192
192
192
192
192
192
192
192
192
192
192
192
192
192
192
1920
1920
1920
1920
1920
1920
1920
1920
1920
1920
1920
1920
1920
1920
1920
1920
1920
1920
1920
1920
1921
1923
1926
1926
1926
1926
1926
1926
1926
1926
1926
1926
1926
1926
1926
1926
1926
1926
1926
1926
1926
1926
1927
1927
1927
1927
1927
1927
1927
1927
1927
1927
1927
1927
1927
1927
1927
1927
1927
1927
1927
1927
1931
1931
1931
1931
1931
1931
1931
1931
1931
1931
1931
1931
1931
1931
1931
1931
1931
1931
1931
1931
1933
1933
1933
1933
1933
1933
1933
1933
1933
1933
1933
1933
1933
1933
1933
1933
1933
1933
1933
1933
1937
1937
1937
1937
1937
1937
1937
1937
1937
1937
1937
1937
1937
1937
1937
1937
1937
1937
1937
1937
1940
1940
1940
1940
1940
1940
1940
1940
1940
1940
1940
1940
1940
1940
1940
1940
1940
1940
1940
1940
1943
1943
1943
1943
1943
1943
1943
1943
1943
1943
1943
1943
1943
1943
1943
1943
1943
1943
1943
1943
1946
1946
1946
1946
1946
1946
1946
1948
1948
1948
1948
1950
1950
1950
1950
1950
1950
1950
1950
1950
1950
1950
1950
1950
1950
1950
1950
1950
1950
1950
1950
1957
1957
1957
1957
1957
1957
1957
1957
1957
1957
1957
1957
1957
1957
1957
1957
1957
1957
1957
1957
1959
1959
1959
1959
196
196
196
196
196
196
196
196
196
196
196
196
196
196
196
196
196
196
196
196
1962
1962
1962
1962
1962
1962
1962
1962
1962
1962
1962
1962
1962
1962
1962
1962
1962
1962
1962
1962
1965
1965
1965
1965
1965
1965
1965
1965
1965
1965
1965
1965
1965
1965
1965
1965
1965
1965
1965
1965
1969
1969
1969
1969
1969
1969
1969
1969
1969
1969
1969
1969
1969
1969
1969
1969
1969
1969
1969
1969
1972
1972
1972
1972
1972
1972
1972
1972
1972
1972
1972
1972
1972
1972
1972
1972
1972
1972
1972
1972
1975
1975
1977
1977
1977
1977
1977
1977
1977
1977
1977
1977
1977
1977
1977
1977
1977
1977
1977
1977
1977
1977
198
198
198
198
198
198
198
198
198
198
198
198
198
198
198
198
198
198
198
198
1984
1984
1984
1984
1984
1984
1984
1984
1984
1984
1984
1984
1984
1984
1984
1984
1984
1984
1984
1984
1987
1987
1987
1987
1987
1987
1987
1987
1987
1987
1987
1987
1987
1987
1987
1987
1987
1987
1987
1987
1989
1989
1989
1989
1989
1989
1989
1989
1989
1989
1989
1989
1989
1989
1989
1989
1989
1989
1989
1989
1990
1990
1990
1990
1990
1990
1990
1990
1990
1990
1990
1990
1990
1990
1990
1990
1990
1990
1990
1990
1992
1992
1992
1992
1992
1992
1992
1992
1992
1992
1992
1992
1992
1992
1992
1992
1992
1992
1992
1992
1994
1994
1994
1994
1994
1994
1994
1994
1994
1994
1994
1994
1994
1994
1994
1994
1994
1994
1994
1994
1999
1999
1999
1999
1999
1999
1999
1999
1999
1999
1999
1999
1999
1999
1999
1999
1999
1999
1999
1999
2
2
2
2
2
2
2
2
2
2
2
2
2
2
2
2
2
2
2
2
2000
2000
2000
2000
2000
2000
2000
2000
2000
2000
2000
2000
2000
2000
2000
2000
2000
2000
2000
2000
2003
2003
2003
2003
2003
2003
2003
2003
2003
2003
2003
2003
2003
2003
2003
2003
2003
2003
2003
2003
2007
2007
2007
2007
2007
2007
2007
2007
2007
2007
2007
2007
2007
2007
2007
2007
2007
2007
2007
2007
2008
2008
2008
2008
2008
2008
2008
2008
2008
2008
2008
2008
2008
2008
2008
2008
2008
2008
2008
2008
201
201
201
201
201
201
201
201
201
201
201
201
201
201
201
201
201
201
201
201
2013
2013
2013
2013
2013
2013
2013
2013
2013
2013
2013
2013
2013
2013
2013
2013
2013
2013
2013
2013
2014
2014
2014
2014
2014
2014
2014
2014
2014
2014
2014
2014
2014
2014
2014
2014
2014
2021
2021
2021
2021
2021
2021
2021
2021
2021
2021
2021
2021
2021
2021
2021
2021
2021
2021
2021
2021
2022
2022
2022
2022
2022
2022
2022
2022
2022
2022
2022
2022
2022
2022
2022
2022
2022
2022
2022
2022
2023
2023
2023
2023
2023
2023
2023
2023
2023
2023
2023
2023
2023
2023
2023
203
203
203
203
203
203
203
203
203
203
203
203
203
203
203
203
203
203
203
203
2030
2030
2030
2030
2030
2030
2030
2030
2030
2030
2030
2030
2030
2030
2030
2030
2030
2030
2030
2030
2035
2035
2035
2035
2035
2035
2035
2035
2035
2035
2035
2035
2035
2035
2035
2035
2035
2035
2035
2035
2038
2038
2038
2038
2038
2038
2038
2038
2038
2038
2038
2038
2038
2038
2038
2038
2038
2038
2038
2038
204
204
204
204
204
204
204
204
204
204
204
204
204
204
204
204
204
204
204
204
2043
2043
2043
2043
2043
2043
2043
2043
2043
2043
2043
2043
2043
2043
2043
2043
2043
2043
2043
2043
2047
2047
2047
2047
2047
2047
2047
2047
2047
2047
2047
2047
2047
2047
2047
2047
2047
2047
2047
2047
205
205
205
205
205
205
205
205
205
205
205
205
205
205
205
205
205
205
205
205
2052
2052
2052
2052
2052
2052
2052
2052
2052
2052
2052
2052
2052
2052
2052
2052
2052
2052
2052
2052
2053
2053
2053
2053
2053
2053
2053
2053
2053
2053
2053
2053
2053
2053
2053
2053
2053
2053
2053
2053
2054
2054
2054
2054
2054
2054
2054
2054
2054
2054
2054
2054
2054
2054
2054
2054
2054
2054
2054
2054
2055
2055
2055
2055
2055
2055
2055
2055
2055
2055
2055
2055
2055
2055
2055
2055
2055
2055
2055
2055
2056
2056
2056
2056
2056
2056
2056
2056
2056
2056
2057
2057
2057
2057
2057
2057
2057
2057
2057
2057
2057
2057
2057
2057
2057
2057
2057
2057
2057
2057
2058
2058
2058
2058
2058
2058
2058
2058
2061
2061
2061
2061
2061
2061
2061
2061
2061
2061
2061
2061
2061
2061
2061
2061
2061
2061
2061
2061
2063
2063
2063
2063
2063
2063
2063
2063
2063
2063
2063
2063
2063
2063
2063
2063
2063
2063
2063
2063
2064
2065
2065
2065
2065
2065
2065
2065
2070
2070
2070
2070
2070
2070
2070
2070
2070
2070
2070
2070
2070
2070
2070
2070
2070
2070
2070
2070
2072
2072
2072
2072
2074
2074
2074
2074
2074
2074
2074
2074
2074
2074
2074
2074
2074
2074
2074
2074
2074
2074
2074
2074
2075
2075
2075
2075
2075
2075
2075
2075
2075
2075
2075
2075
2075
2075
2075
2075
2075
2075
2075
2075
2076
2076
2076
2076
2076
2076
2076
2076
2076
2076
2076
2076
2076
2076
2076
2076
2076
2076
2076
2076
2081
2081
2081
2081
2081
2081
2081
2081
2081
2081
2081
2081
2081
2081
2081
2081
2081
2081
2081
2081
2084
2084
2084
2084
2084
2084
2084
2084
2084
2084
2084
2084
2084
2084
2084
2084
2084
2084
2084
2084
2085
2085
2085
2085
2085
2085
2085
2085
2085
2085
2085
2085
2085
2085
2085
2085
2085
2085
2085
2085
2089
2089
2089
2089
2089
2089
2089
2089
21
21
21
21
21
21
21
21
21
21
21
21
21
21
21
21
21
21
21
21
2100
2100
2100
2100
2100
2100
2100
2100
2100
2100
2100
2100
2100
2100
2100
2100
2100
2100
2100
2100
2107
2107
2107
2107
2107
2107
2107
2107
2107
2107
2107
2107
2107
2107
2107
2107
2107
2107
2107
2107
2108
2108
2108
2108
2108
2108
2108
2108
2108
2108
2108
2108
2108
2108
2108
2108
2108
2108
2108
2108
2116
2116
2116
2116
2116
2116
2116
2116
2116
2116
2116
2116
2116
2116
2116
2116
2116
2116
2116
2116
2117
2117
2117
2117
2117
2117
2117
2117
2117
2117
2117
2117
2117
2117
2117
2117
2117
2117
2117
2117
212
212
212
212
212
212
212
212
212
212
212
212
212
212
212
212
212
212
212
212
213
213
213
213
213
213
213
213
213
213
213
213
213
213
213
213
213
213
213
213
2131
2131
2131
2131
2131
2131
2131
2131
2131
2131
2131
2131
2131
2131
2131
2131
2131
2131
2131
2131
2137
2137
2137
2137
2137
2137
2137
2137
2137
2137
2137
2137
2137
2137
2137
2137
2137
2137
2137
2137
2138
2138
2138
2138
2138
2138
2138
2138
2138
2138
2138
2138
2138
2138
2138
2138
2138
2138
2138
2138
214
214
214
214
214
214
214
214
214
214
214
214
214
214
214
214
214
214
2140
2140
2140
2140
2140
2140
2140
2140
2140
2140
2140
2140
2140
2146
2146
2146
2146
2146
2146
2146
2146
2146
2146
2146
2146
2146
2146
2146
2146
2146
2146
2146
2146
2148
2148
2148
2148
2148
2148
2148
2148
2148
2148
2148
2148
2148
2148
2148
2148
2148
2148
2148
2148
2153
2153
2153
2153
2153
2153
2153
2153
2153
2153
2153
2153
2153
2153
2160
2160
2160
2160
2160
2160
2160
2160
2160
2160
2160
2160
2160
2160
2160
2160
2160
2160
2160
2160
2162
2162
2162
2162
2162
2162
2163
2163
2163
2163
2163
2163
2163
2163
2163
2163
2163
2163
2163
2163
2163
2163
2163
2163
2163
2163
2165
2165
2165
2165
2165
2165
2165
2165
2165
2165
2165
2165
2165
2165
2165
2165
2165
2165
2165
2165
217
217
217
217
217
217
217
217
217
217
217
217
217
217
217
