0.925925925926
0.962962962963
0.682926829268
0.666666666667
0.634146341463
0.634146341463
0.619047619048
0.651162790698
0.636363636364
0.604651162791
0.487804878049
0.46511627907
0.45
0.45
0.45
0.5
0.47619047619
0.5
0.5
0.454545454545
0.47619047619
0.428571428571
0.698412698413
0.625
0.774193548387
0.666666666667
0.774193548387
0.75
0.677419354839
0.625
0.625
0.698412698413
0.806451612903
0.666666666667
0.793650793651
0.75
0.870967741935
0.625
0.698412698413
0.870967741935
0.793650793651
0.666666666667
0.526315789474
0.473684210526
0.578947368421
0.526315789474
0.526315789474
0.526315789474
0.473684210526
0.473684210526
0.421052631579
0.578947368421
0.473684210526
0.473684210526
0.526315789474
0.578947368421
0.578947368421
0.578947368421
0.631578947368
0.684210526316
0.578947368421
0.631578947368
0.888888888889
0.962962962963
0.571428571429
0.888888888889
0.962962962963
0.714285714286
0.642857142857
0.714285714286
0.785714285714
0.714285714286
0.703703703704
0.714285714286
0.777777777778
0.785714285714
0.654545454545
0.571428571429
0.642857142857
0.678571428571
0.618181818182
0.535714285714
0.618181818182
0.260869565217
0.260869565217
0.416666666667
0.416666666667
0.416666666667
0.416666666667
0.416666666667
0.416666666667
0.707692307692
0.424242424242
0.575757575758
0.545454545455
0.545454545455
0.454545454545
0.545454545455
0.545454545455
0.545454545455
0.727272727273
0.606060606061
0.424242424242
0.454545454545
0.507462686567
0.626865671642
0.417910447761
0.358208955224
0.393939393939
0.333333333333
0.393939393939
0.327586206897
0.666666666667
0.666666666667
0.634920634921
0.698412698413
0.698412698413
0.730158730159
0.666666666667
0.634920634921
0.698412698413
0.698412698413
0.666666666667
0.666666666667
0.698412698413
0.698412698413
0.666666666667
0.666666666667
0.666666666667
0.634920634921
0.698412698413
0.730158730159
0.622222222222
0.727272727273
0.608695652174
0.711111111111
0.608695652174
0.565217391304
0.577777777778
0.565217391304
0.577777777778
0.488888888889
0.622222222222
0.622222222222
0.577777777778
0.608695652174
0.565217391304
0.565217391304
0.533333333333
0.681818181818
0.545454545455
0.488888888889
0.417582417582
0.521739130435
0.413043478261
0.304347826087
0.417582417582
0.43956043956
0.521739130435
0.434782608696
0.322580645161
0.347826086957
0.417582417582
0.32967032967
0.413043478261
0.413043478261
0.413043478261
0.434782608696
0.347826086957
0.326086956522
0.391304347826
0.43956043956
0.32
0.293333333333
0.32
0.324324324324
0.32
0.4
0.293333333333
0.32
0.324324324324
0.351351351351
0.324324324324
0.324324324324
0.324324324324
0.289473684211
0.356164383562
0.356164383562
0.383561643836
0.32
0.289473684211
0.263157894737
0.5
0.363636363636
0.477272727273
0.431818181818
0.363636363636
0.522727272727
0.454545454545
0.47191011236
0.954545454545
0.909090909091
0.954545454545
0.909090909091
0.595744680851
0.659574468085
0.595744680851
0.610526315789
0.583333333333
0.617021276596
0.631578947368
0.5625
0.63829787234
0.617021276596
0.574468085106
0.68085106383
0.702127659574
0.610526315789
0.610526315789
0.702127659574
0.574468085106
0.547368421053
0.553191489362
0.659574468085
0.494117647059
0.517647058824
0.404761904762
0.547619047619
0.650602409639
0.602409638554
0.494117647059
0.578313253012
0.564705882353
0.470588235294
0.530120481928
0.55421686747
0.47619047619
0.55421686747
0.5
0.470588235294
0.494117647059
0.52380952381
0.470588235294
0.452380952381
0.606060606061
0.571428571429
0.65306122449
0.577319587629
0.612244897959
0.727272727273
0.666666666667
0.787878787879
0.477611940299
0.567164179104
0.69696969697
0.757575757576
0.597014925373
0.636363636364
0.727272727273
0.848484848485
0.69696969697
0.537313432836
0.757575757576
0.727272727273
0.69696969697
0.65671641791
0.537313432836
0.626865671642
0.597014925373
0.588235294118
0.588235294118
0.615384615385
0.615384615385
0.615384615385
0.56
0.56
0.588235294118
0.588235294118
0.588235294118
0.549019607843
0.538461538462
0.538461538462
0.538461538462
0.52
0.52
0.509803921569
0.509803921569
0.509803921569
0.509803921569
0.830188679245
0.830188679245
0.884615384615
0.846153846154
0.846153846154
0.792452830189
0.846153846154
0.807692307692
0.730769230769
0.730769230769
0.692307692308
0.692307692308
0.679245283019
0.641509433962
0.679245283019
0.679245283019
0.641509433962
0.641509433962
0.641509433962
0.692307692308
0.825396825397
0.676923076923
0.78125
0.625
0.65625
0.65625
0.625
0.646153846154
0.65625
0.6875
0.603174603175
0.5
0.646153846154
0.553846153846
0.625
0.615384615385
0.615384615385
0.606060606061
0.523076923077
0.5625
0.860215053763
0.838709677419
0.817204301075
0.838709677419
0.817204301075
0.881720430108
0.817204301075
0.860215053763
0.731182795699
0.709677419355
0.731182795699
0.709677419355
0.838709677419
0.795698924731
0.774193548387
0.731182795699
0.666666666667
0.731182795699
0.817204301075
0.817204301075
0.745762711864
0.745762711864
0.813559322034
0.677966101695
0.542372881356
0.813559322034
0.745762711864
0.576271186441
0.745762711864
0.779661016949
0.71186440678
0.610169491525
0.433333333333
0.745762711864
0.833333333333
0.433333333333
0.633333333333
0.466666666667
0.610169491525
0.745762711864
0.823529411765
0.823529411765
0.627450980392
0.666666666667
0.88
0.84
0.901960784314
0.734693877551
0.745098039216
0.64
0.666666666667
0.705882352941
0.666666666667
0.823529411765
0.862745098039
0.72
0.745098039216
0.64
0.64
0.666666666667
0.4
0.48275862069
0.466666666667
0.0666666666667
0.0666666666667
0.48275862069
0.275862068966
0.344827586207
0.344827586207
0.266666666667
0.333333333333
0.333333333333
0.275862068966
0.133333333333
0.266666666667
0.266666666667
0.266666666667
0.2
0.266666666667
0.333333333333
0.923076923077
0.923076923077
0.846153846154
0.846153846154
0.846153846154
0.846153846154
0.769230769231
0.769230769231
0.923076923077
0.923076923077
0.846153846154
0.846153846154
0.846153846154
0.846153846154
0.769230769231
0.769230769231
0.578947368421
0.615384615385
0.615384615385
0.631578947368
0.486486486486
0.540540540541
0.540540540541
0.526315789474
0.421052631579
0.461538461538
0.473684210526
0.564102564103
0.512820512821
0.578947368421
0.631578947368
0.461538461538
0.512820512821
0.631578947368
0.421052631579
0.473684210526
0.508196721311
0.6
0.5625
0.5625
0.5625
0.5625
0.583333333333
0.583333333333
0.5625
0.5625
0.583333333333
0.583333333333
0.583333333333
0.583333333333
0.583333333333
0.583333333333
0.547368421053
0.547368421053
0.453608247423
0.474226804124
0.453608247423
0.520833333333
0.692307692308
0.653846153846
0.745098039216
0.745098039216
0.705882352941
0.730769230769
0.78431372549
0.745098039216
0.745098039216
0.78431372549
0.745098039216
0.745098039216
0.730769230769
0.730769230769
0.692307692308
0.745098039216
0.78431372549
0.78431372549
0.745098039216
0.745098039216
0.409090909091
0.697674418605
0.604651162791
0.651162790698
0.790697674419
0.409090909091
0.409090909091
0.545454545455
0.744186046512
0.363636363636
0.744186046512
0.372093023256
0.5
0.5
0.5
0.454545454545
0.454545454545
0.454545454545
0.5
0.744186046512
0.574468085106
0.574468085106
0.553191489362
0.489361702128
0.468085106383
0.617021276596
0.531914893617
0.574468085106
0.510638297872
0.553191489362
0.553191489362
0.468085106383
0.617021276596
0.510638297872
0.617021276596
0.531914893617
0.595744680851
0.553191489362
0.631578947368
0.468085106383
0.813559322034
0.813559322034
0.758620689655
0.758620689655
0.881355932203
0.915254237288
0.847457627119
0.779661016949
0.71186440678
0.71186440678
0.758620689655
0.793103448276
0.827586206897
0.793103448276
0.813559322034
0.827586206897
0.745762711864
0.758620689655
0.745762711864
0.793103448276
0.645161290323
0.698412698413
0.612903225806
0.698412698413
0.677419354839
0.709677419355
0.677419354839
0.741935483871
0.516129032258
0.774193548387
0.806451612903
0.516129032258
0.741935483871
0.677419354839
0.730158730159
0.72131147541
0.666666666667
0.612903225806
0.709677419355
0.507936507937
0.592592592593
0.615384615385
0.740740740741
0.444444444444
0.592592592593
0.461538461538
0.615384615385
0.592592592593
0.444444444444
0.461538461538
0.592592592593
0.285714285714
0.214285714286
0.357142857143
0.142857142857
0.148148148148
0.0714285714286
0.0740740740741
0.285714285714
0.214285714286
0.602409638554
0.619047619048
0.642857142857
0.642857142857
0.578313253012
0.595238095238
0.619047619048
0.342857142857
0.285714285714
0.342857142857
0.285714285714
0.724137931034
0.724137931034
0.724137931034
0.758620689655
0.724137931034
0.724137931034
0.724137931034
0.724137931034
0.689655172414
0.758620689655
0.724137931034
0.758620689655
0.689655172414
0.689655172414
0.689655172414
0.689655172414
0.689655172414
0.689655172414
0.689655172414
0.689655172414
0.760563380282
0.704225352113
0.732394366197
0.704225352113
0.676056338028
0.732394366197
0.732394366197
0.788732394366
0.760563380282
0.732394366197
0.732394366197
0.704225352113
0.732394366197
0.676056338028
0.647887323944
0.732394366197
0.676056338028
0.647887323944
0.676056338028
0.676056338028
0.626865671642
0.588235294118
0.588235294118
0.558823529412
0.780487804878
0.780487804878
0.731707317073
0.731707317073
0.780487804878
0.926829268293
0.780487804878
0.878048780488
0.585365853659
0.682926829268
0.682926829268
0.926829268293
0.878048780488
0.926829268293
0.878048780488
0.878048780488
0.731707317073
0.682926829268
0.731707317073
0.780487804878
0.466666666667
0.524590163934
0.491803278689
0.433333333333
0.633333333333
0.655737704918
0.666666666667
0.655737704918
0.688524590164
0.72131147541
0.459016393443
0.524590163934
0.491803278689
0.524590163934
0.426229508197
0.459016393443
0.426229508197
0.566666666667
0.466666666667
0.5
0.578947368421
0.526315789474
0.564102564103
0.512820512821
0.526315789474
0.410256410256
0.512820512821
0.421052631579
0.410256410256
0.461538461538
0.410256410256
0.358974358974
0.631578947368
0.368421052632
0.307692307692
0.307692307692
0.578947368421
0.473684210526
0.368421052632
0.315789473684
0.829268292683
0.536585365854
0.682926829268
0.731707317073
0.731707317073
0.487804878049
0.634146341463
0.682926829268
0.634146341463
0.780487804878
0.634146341463
0.731707317073
0.682926829268
0.731707317073
0.682926829268
0.634146341463
0.682926829268
0.634146341463
0.682926829268
0.634146341463
0.527777777778
0.583333333333
0.583333333333
0.527777777778
0.493150684932
0.493150684932
0.583333333333
0.547945205479
0.493150684932
0.450704225352
0.388888888889
0.361111111111
0.459459459459
0.383561643836
0.405405405405
0.472222222222
0.432432432432
0.416666666667
0.328767123288
0.444444444444
0.175824175824
0.247191011236
0.739130434783
0.652173913043
0.652173913043
0.782608695652
0.695652173913
0.510638297872
0.468085106383
0.608695652174
0.565217391304
0.695652173913
0.652173913043
0.608695652174
0.434782608696
0.521739130435
0.595744680851
0.478260869565
0.434782608696
0.478260869565
0.434782608696
0.391304347826
0.755555555556
0.747252747253
0.681318681319
0.681318681319
0.659340659341
0.586956521739
0.659340659341
0.45652173913
0.608695652174
0.5
0.608695652174
0.622222222222
0.688888888889
0.637362637363
0.608695652174
0.527472527473
0.659340659341
0.586956521739
0.571428571429
0.54347826087
0.613861386139
0.574257425743
0.594059405941
0.613861386139
0.574257425743
0.594059405941
0.594059405941
0.554455445545
0.613861386139
0.534653465347
0.534653465347
0.534653465347
0.574257425743
0.594059405941
0.554455445545
0.574257425743
0.554455445545
0.49504950495
0.475247524752
0.455445544554
0.586666666667
0.586666666667
0.526315789474
0.666666666667
0.72
0.578947368421
0.519480519481
0.405063291139
0.467532467532
0.605263157895
0.72
0.552631578947
0.487179487179
0.631578947368
0.526315789474
0.597402597403
0.410256410256
0.493506493506
0.526315789474
0.493506493506
0.861538461538
0.923076923077
0.892307692308
0.923076923077
0.861538461538
0.953846153846
0.923076923077
0.953846153846
0.953846153846
0.953846153846
0.861538461538
0.923076923077
0.892307692308
0.892307692308
0.953846153846
0.953846153846
0.953846153846
0.923076923077
0.953846153846
0.892307692308
0.602409638554
0.83950617284
0.83950617284
0.55421686747
0.814814814815
0.79012345679
0.578313253012
0.609756097561
0.740740740741
0.530120481928
0.609756097561
0.716049382716
0.740740740741
0.740740740741
0.530120481928
0.585365853659
0.481927710843
0.765432098765
0.506024096386
0.626506024096
0.871794871795
0.820512820513
0.820512820513
0.717948717949
0.789473684211
0.820512820513
0.666666666667
0.810810810811
0.769230769231
0.615384615385
0.769230769231
0.717948717949
0.615384615385
0.842105263158
0.871794871795
0.769230769231
0.769230769231
0.820512820513
0.769230769231
0.769230769231
0.947368421053
0.631578947368
0.526315789474
0.526315789474
0.526315789474
0.736842105263
0.5
0.5
0.526315789474
0.526315789474
0.526315789474
0.736842105263
0.5
0.526315789474
0.526315789474
0.526315789474
0.5
0.526315789474
0.526315789474
0.526315789474
0.833333333333
0.754098360656
0.733333333333
0.779661016949
0.622950819672
0.622950819672
0.58064516129
0.655737704918
0.633333333333
0.622950819672
0.590163934426
0.55737704918
0.6
0.633333333333
0.55737704918
0.566666666667
0.6
0.566666666667
0.459016393443
0.524590163934
0.761904761905
0.818181818182
0.666666666667
0.571428571429
1.0
0.636363636364
0.47619047619
0.952380952381
0.545454545455
0.9
0.454545454545
1.0
0.818181818182
0.952380952381
0.7
0.6
0.818181818182
0.5
0.761904761905
0.7
0.542372881356
0.474576271186
0.508474576271
0.508474576271
0.474576271186
0.508474576271
0.542372881356
0.474576271186
0.610169491525
0.508474576271
0.542372881356
0.440677966102
0.542372881356
0.576271186441
0.474576271186
0.406779661017
0.576271186441
0.508474576271
0.576271186441
0.508474576271
0.206896551724
0.137931034483
0.206896551724
0.137931034483
0.206896551724
0.137931034483
0.206896551724
0.206896551724
0.137931034483
0.137931034483
0.206896551724
0.206896551724
0.137931034483
0.137931034483
0.137931034483
0.137931034483
0.137931034483
0.137931034483
0.137931034483
0.137931034483
0.736842105263
0.736842105263
0.631578947368
0.684210526316
0.736842105263
0.736842105263
0.736842105263
0.5
0.512820512821
0.615384615385
0.564102564103
0.564102564103
0.564102564103
0.358974358974
0.578947368421
0.45
0.358974358974
0.410256410256
0.512820512821
0.512820512821
0.357142857143
0.357142857143
0.37037037037
0.37037037037
0.357142857143
0.357142857143
0.296296296296
0.296296296296
0.428571428571
0.428571428571
0.296296296296
0.296296296296
0.296296296296
0.37037037037
0.37037037037
0.222222222222
0.222222222222
0.296296296296
0.296296296296
0.222222222222
0.666666666667
0.541666666667
0.666666666667
0.553191489362
0.468085106383
0.434782608696
0.833333333333
0.5
0.608695652174
0.625
0.553191489362
0.434782608696
0.577777777778
0.434782608696
0.434782608696
0.530612244898
0.478260869565
0.391304347826
0.382978723404
0.382978723404
0.444444444444
0.452830188679
0.415094339623
0.481481481481
0.518518518519
0.444444444444
0.444444444444
0.436363636364
0.754716981132
0.333333333333
0.444444444444
0.444444444444
0.407407407407
0.37037037037
0.603773584906
0.407407407407
0.481481481481
0.4
0.407407407407
0.444444444444
0.684931506849
0.630136986301
0.493150684932
0.493150684932
0.493150684932
0.520547945205
0.547945205479
0.520547945205
0.459459459459
0.459459459459
0.405405405405
0.432432432432
0.432432432432
0.432432432432
0.405405405405
0.432432432432
0.432432432432
0.847457627119
0.813559322034
0.677966101695
0.779661016949
0.881355932203
0.881355932203
0.881355932203
0.745762711864
0.813559322034
0.881355932203
0.745762711864
0.881355932203
0.745762711864
0.779661016949
0.64406779661
0.779661016949
0.64406779661
0.881355932203
0.745762711864
0.610169491525
0.709677419355
0.709677419355
0.758620689655
0.733333333333
0.451612903226
0.709677419355
0.666666666667
0.666666666667
0.387096774194
0.466666666667
0.387096774194
0.709677419355
0.387096774194
0.4375
0.666666666667
0.709677419355
0.709677419355
0.387096774194
0.375
0.375
1.0
0.941176470588
0.941176470588
0.941176470588
0.882352941176
0.882352941176
0.882352941176
0.882352941176
0.882352941176
0.685714285714
0.628571428571
0.628571428571
0.628571428571
0.628571428571
0.628571428571
0.765957446809
0.765957446809
0.893617021277
0.893617021277
0.808510638298
0.893617021277
0.808510638298
0.936170212766
0.893617021277
0.723404255319
0.978723404255
0.893617021277
0.765957446809
0.851063829787
0.765957446809
0.893617021277
0.893617021277
0.723404255319
0.893617021277
0.936170212766
0.936170212766
0.936170212766
0.936170212766
0.978723404255
0.936170212766
0.75
0.936170212766
0.936170212766
0.978723404255
0.851063829787
0.851063829787
0.851063829787
0.893617021277
0.75
0.851063829787
0.666666666667
0.851063829787
0.851063829787
0.893617021277
0.666666666667
0.903225806452
0.903225806452
0.870967741935
0.870967741935
0.838709677419
0.838709677419
0.903225806452
0.903225806452
0.870967741935
0.870967741935
0.870967741935
0.870967741935
0.806451612903
0.806451612903
0.903225806452
0.838709677419
0.838709677419
0.806451612903
0.838709677419
0.806451612903
0.530612244898
0.551020408163
0.448979591837
0.536082474227
0.343434343434
0.510204081633
0.428571428571
0.44
0.475247524752
0.39603960396
0.448979591837
0.432989690722
0.4
0.464646464646
0.510204081633
0.40404040404
0.383838383838
0.4
0.408163265306
0.32
0.52380952381
0.511627906977
0.55
0.52380952381
0.571428571429
0.558139534884
0.511627906977
0.511627906977
0.571428571429
0.558139534884
0.52380952381
0.511627906977
0.511627906977
0.634146341463
0.682926829268
0.619047619048
0.634146341463
0.682926829268
0.619047619048
0.619047619048
0.849315068493
0.657894736842
0.666666666667
0.657894736842
0.815789473684
0.693333333333
0.613333333333
0.693333333333
0.506666666667
0.545454545455
0.631578947368
0.631578947368
0.8
0.453333333333
0.623376623377
0.526315789474
0.64
0.613333333333
0.710526315789
0.657894736842
0.686567164179
0.636363636364
0.686567164179
0.626865671642
0.666666666667
0.636363636364
0.65671641791
0.686567164179
0.746268656716
0.417910447761
0.567164179104
0.606060606061
0.477611940299
0.507462686567
0.477611940299
0.44776119403
0.676923076923
0.597014925373
0.597014925373
0.584615384615
0.75
0.75
0.723404255319
0.708333333333
0.75
0.75
0.595744680851
0.708333333333
0.723404255319
0.808510638298
0.739130434783
0.782608695652
0.791666666667
0.765957446809
0.75
0.833333333333
0.75
0.808510638298
0.782608695652
0.791666666667
0.597014925373
0.646153846154
0.65671641791
0.567164179104
0.686567164179
0.738461538462
0.606060606061
0.477611940299
0.606060606061
0.515151515152
0.615384615385
0.746268656716
0.537313432836
0.707692307692
0.69696969697
0.507462686567
0.606060606061
0.738461538462
0.615384615385
0.597014925373
0.490566037736
0.490566037736
0.566037735849
0.509090909091
0.509090909091
0.528301886792
0.490566037736
0.528301886792
0.528301886792
0.528301886792
0.528301886792
0.528301886792
0.566037735849
0.566037735849
0.690909090909
0.654545454545
0.716981132075
0.679245283019
0.754716981132
0.792452830189
0.8
0.44
0.470588235294
0.76
0.64
0.72
0.56
0.666666666667
0.549019607843
0.68
0.666666666667
0.6
0.52
0.509803921569
0.549019607843
0.549019607843
0.44
0.627450980392
0.509803921569
0.549019607843
0.80701754386
0.80701754386
0.701754385965
0.75
0.75
0.842105263158
0.701754385965
0.736842105263
0.736842105263
0.785714285714
0.631578947368
0.631578947368
0.526315789474
0.581818181818
0.581818181818
0.666666666667
0.526315789474
0.561403508772
0.561403508772
0.618181818182
1.0
1.0
0.833333333333
0.833333333333
0.833333333333
1.0
1.0
0.833333333333
0.833333333333
0.833333333333
0.9
0.75
0.85
0.75
0.75
0.9
0.8
0.7
0.85
0.439024390244
0.75
0.75
0.75
0.65
0.7
0.6
0.5
0.536585365854
0.439024390244
0.439024390244
0.535714285714
0.464285714286
0.535714285714
0.535714285714
0.464285714286
0.464285714286
0.535714285714
0.464285714286
0.838709677419
0.645161290323
0.612903225806
0.806451612903
0.806451612903
0.58064516129
0.677419354839
0.709677419355
0.516129032258
0.645161290323
0.612903225806
0.677419354839
0.741935483871
0.709677419355
0.741935483871
0.806451612903
0.677419354839
0.645161290323
0.774193548387
0.58064516129
0.566666666667
0.566666666667
0.4
0.491803278689
0.433333333333
0.633333333333
0.6
0.533333333333
0.533333333333
0.6
0.533333333333
0.366666666667
0.524590163934
0.666666666667
0.533333333333
0.466666666667
0.688524590164
0.524590163934
0.55737704918
0.5
0.431818181818
0.495575221239
0.571428571429
0.535714285714
0.545454545455
0.468468468468
0.495575221239
0.513274336283
0.491228070175
0.642857142857
0.678571428571
0.678571428571
0.714285714286
0.642857142857
0.642857142857
0.526315789474
0.642857142857
0.59649122807
0.491228070175
0.526315789474
0.642857142857
0.526315789474
0.491228070175
0.607142857143
0.607142857143
0.642857142857
0.561403508772
0.526315789474
0.571428571429
0.571428571429
0.642857142857
0.642857142857
0.358974358974
0.358974358974
0.315789473684
0.315789473684
0.410256410256
0.410256410256
0.410256410256
0.368421052632
0.368421052632
0.368421052632
0.368421052632
0.358974358974
0.315789473684
0.410256410256
0.410256410256
0.410256410256
0.368421052632
0.368421052632
0.368421052632
0.368421052632
0.545454545455
0.592592592593
0.545454545455
0.618181818182
0.581818181818
0.62962962963
0.545454545455
0.703703703704
0.592592592593
0.509090909091
0.545454545455
0.703703703704
0.472727272727
0.436363636364
0.509090909091
0.592592592593
0.509090909091
0.581818181818
0.618181818182
0.436363636364
0.5625
0.5625
0.6875
0.5625
0.5625
0.6875
0.5625
0.5625
0.6875
0.5625
0.6875
0.6875
0.5
0.5
0.625
0.5
0.5
0.625
0.5
0.625
0.607594936709
0.658227848101
0.658227848101
0.73417721519
0.73417721519
0.658227848101
0.658227848101
0.556962025316
0.556962025316
0.582278481013
0.658227848101
0.658227848101
0.607594936709
0.607594936709
0.683544303797
0.607594936709
0.658227848101
0.658227848101
0.658227848101
0.73417721519
0.652173913043
0.695652173913
0.681818181818
0.478260869565
0.695652173913
0.521739130435
0.478260869565
0.727272727273
0.521739130435
0.478260869565
0.347826086957
0.521739130435
0.521739130435
0.347826086957
0.545454545455
0.521739130435
0.347826086957
0.521739130435
0.347826086957
0.363636363636
0.744186046512
0.681818181818
0.697674418605
0.818181818182
0.595744680851
0.695652173913
0.595744680851
0.622222222222
0.818181818182
0.863636363636
0.63829787234
0.744186046512
0.782608695652
0.553191489362
0.553191489362
0.595744680851
0.595744680851
0.595744680851
0.590909090909
0.739130434783
0.965517241379
0.827586206897
0.965517241379
0.827586206897
0.965517241379
0.965517241379
0.827586206897
0.827586206897
0.541666666667
0.5
0.416666666667
0.68085106383
0.468085106383
0.5
0.541666666667
0.468085106383
0.416666666667
0.468085106383
0.5
0.333333333333
0.63829787234
0.553191489362
0.458333333333
0.458333333333
0.208333333333
0.333333333333
0.375
0.375
0.414634146341
0.414634146341
0.361445783133
0.414634146341
0.390243902439
0.409638554217
0.361445783133
0.361445783133
0.409638554217
0.414634146341
0.414634146341
0.361445783133
0.385542168675
0.385542168675
0.341463414634
0.243902439024
0.385542168675
0.240963855422
0.265060240964
0.240963855422
0.651685393258
0.651685393258
0.704545454545
0.831460674157
0.674157303371
0.606741573034
0.696629213483
0.727272727273
0.674157303371
0.76404494382
0.76404494382
0.651685393258
0.606741573034
0.75
0.651685393258
0.561797752809
0.636363636364
0.561797752809
0.651685393258
0.719101123596
0.461538461538
0.5
0.4375
0.5625
0.523076923077
0.6875
0.6875
0.625
0.53125
0.59375
0.363636363636
0.646153846154
0.625
0.75
0.430769230769
0.615384615385
0.8125
0.53125
0.430769230769
0.65625
0.472727272727
0.392857142857
0.618181818182
0.357142857143
0.526315789474
0.642857142857
0.5
0.392857142857
0.592592592593
0.607142857143
0.392857142857
0.62962962963
0.571428571429
0.545454545455
0.444444444444
0.641509433962
0.62962962963
0.703703703704
0.679245283019
0.592592592593
0.65671641791
0.65671641791
0.65671641791
0.686567164179
0.626865671642
0.626865671642
0.626865671642
0.65671641791
0.626865671642
0.65671641791
0.626865671642
0.44776119403
0.507462686567
0.507462686567
0.537313432836
0.626865671642
0.597014925373
0.507462686567
0.626865671642
0.507462686567
0.786885245902
0.833333333333
0.786885245902
0.786885245902
0.786885245902
0.688524590164
0.819672131148
0.885245901639
0.766666666667
0.819672131148
0.786885245902
0.754098360656
0.8
0.866666666667
0.733333333333
0.766666666667
0.754098360656
0.72131147541
0.8
0.754098360656
0.905660377358
0.867924528302
0.792452830189
0.830188679245
0.830188679245
0.754716981132
0.792452830189
0.754716981132
0.943396226415
0.830188679245
0.830188679245
0.830188679245
0.792452830189
0.867924528302
0.867924528302
0.867924528302
0.792452830189
0.830188679245
0.754716981132
0.792452830189
0.679245283019
0.641509433962
0.618181818182
0.62962962963
0.740740740741
0.566037735849
0.641509433962
0.730769230769
0.518518518519
0.518518518519
0.464285714286
0.464285714286
0.653846153846
0.603773584906
0.592592592593
0.666666666667
0.653846153846
0.592592592593
0.666666666667
0.592592592593
0.571428571429
0.634146341463
0.619047619048
0.634146341463
0.536585365854
0.634146341463
0.47619047619
0.536585365854
0.487804878049
0.536585365854
0.536585365854
0.428571428571
0.666666666667
0.571428571429
0.439024390244
0.682926829268
0.439024390244
0.487804878049
0.487804878049
0.52380952381
0.85
0.6
0.85
0.85
0.8
0.75
0.9
0.8
0.85
0.85
0.85
0.8
0.75
0.55
0.5
0.5
0.45
0.6
0.55
0.55
0.654545454545
0.654545454545
0.654545454545
0.654545454545
0.618181818182
0.618181818182
0.618181818182
0.618181818182
0.618181818182
0.618181818182
0.581818181818
0.581818181818
0.654545454545
0.654545454545
0.654545454545
0.654545454545
0.618181818182
0.618181818182
0.776470588235
0.8
0.776470588235
0.64367816092
0.620689655172
0.767441860465
0.674418604651
0.752941176471
0.674418604651
0.574712643678
0.752941176471
0.651162790698
0.674418604651
0.7
0.566666666667
0.524590163934
0.566666666667
0.533333333333
0.566666666667
0.533333333333
0.491803278689
0.533333333333
0.426229508197
0.633333333333
0.6
0.524590163934
0.4
0.366666666667
0.533333333333
0.533333333333
0.433333333333
0.366666666667
0.366666666667
0.628571428571
0.590476190476
0.628571428571
0.571428571429
0.609523809524
0.514285714286
0.533333333333
0.552380952381
0.552380952381
0.514285714286
0.552380952381
0.495238095238
0.609523809524
0.552380952381
0.514285714286
0.571428571429
0.47619047619
0.457142857143
0.514285714286
0.533333333333
1.0
0.966666666667
0.866666666667
0.9
0.833333333333
0.8
0.866666666667
0.866666666667
0.833333333333
0.833333333333
0.786885245902
0.819672131148
0.786885245902
0.819672131148
0.516853932584
0.620689655172
0.597701149425
0.522727272727
0.597701149425
0.666666666667
0.620689655172
0.477272727273
0.505747126437
0.459770114943
0.558139534884
0.528735632184
0.449438202247
0.449438202247
0.558139534884
0.53488372093
0.53488372093
0.558139534884
0.558139534884
0.558139534884
1.0
1.0
0.933333333333
0.933333333333
0.933333333333
0.933333333333
0.820512820513
0.769230769231
0.615384615385
0.85
0.7
0.8
0.65
0.820512820513
0.666666666667
0.512820512821
0.615384615385
0.615384615385
0.615384615385
0.461538461538
0.461538461538
0.85
0.7
0.7
0.65
0.5
0.9
0.9
0.8
0.8
0.8
0.65
0.7
0.7
0.6
0.731707317073
0.6
0.45
0.5
0.634146341463
0.585365853659
0.634146341463
0.634146341463
0.585365853659
0.536585365854
0.585365853659
0.4
0.394366197183
0.366197183099
0.4
0.366197183099
0.361111111111
0.366197183099
0.422535211268
0.394366197183
0.416666666667
0.450704225352
0.507042253521
0.478873239437
0.422535211268
0.361111111111
